Ma tran A
  15.0000000000   2.0000000000   3.0000000000   4.0000000000
   5.0000000000  26.0000000000   7.0000000000   8.0000000000
   3.0000000000   2.0000000000  15.0000000000   4.0000000000
   4.0000000000   7.0000000000   1.0000000000  20.0000000000
Sai so e = 0.0000001000
Ma tran cheo troi hang
---------
He so co q = 0.7692307692
---------
e0 = 0.0000000300
__________________________________________________
Lan lap thu 1
   0.0666666667   0.0000000000   0.0000000000   0.0000000000
   0.0000000000   0.0384615385   0.0000000000   0.0000000000
   0.0000000000   0.0000000000   0.0666666667   0.0000000000
   0.0000000000   0.0000000000   0.0000000000   0.0500000000
__________________________________________________
Lan lap thu 2
   0.0666666667  -0.0051282051  -0.0133333333  -0.0133333333
  -0.0128205128   0.0384615385  -0.0179487179  -0.0153846154
  -0.0133333333  -0.0051282051   0.0666666667  -0.0133333333
  -0.0133333333  -0.0134615385  -0.0033333333   0.0500000000
__________________________________________________
Lan lap thu 3
   0.0745982906  -0.0005128205  -0.0100512821  -0.0086153846
  -0.0051282051   0.0449704142  -0.0143589744  -0.0092307692
  -0.0080683761  -0.0005128205   0.0726153846  -0.0086153846
  -0.0081794872  -0.0121794872   0.0056153846   0.0587179487
__________________________________________________
Lan lap thu 4
   0.0711452991  -0.0026456279  -0.0141059829  -0.0127042735
  -0.0096568047   0.0424457594  -0.0193451677  -0.0140907298
  -0.0120547009  -0.0026456279   0.0690940171  -0.0127042735
  -0.0127213675  -0.0156114398   0.0034051282   0.0553846154
__________________________________________________
Lan lap thu 5
   0.0737575455  -0.0009672584  -0.0121474819  -0.0103496121
  -0.0065220250   0.0444861174  -0.0169372781  -0.0111779093
  -0.0095491212  -0.0009672584   0.0711591847  -0.0103496121
  -0.0102464431  -0.0141946088   0.0061373044   0.0581078238
__________________________________________________
Lan lap thu 6
   0.0721784791  -0.0019528016  -0.0136101477  -0.0119351094
  -0.0084604744   0.0432755373  -0.0187105892  -0.0131025864
  -0.0111495209  -0.0019528016   0.0697178523  -0.0119351094
  -0.0119913443  -0.0153283265   0.0047995845   0.0564996713
__________________________________________________
Lan lap thu 7
   0.0732223259  -0.0012919576  -0.0127287144  -0.0109325456
  -0.0071890383   0.0440792397  -0.0176296501  -0.0118760022
  -0.0101099408  -0.0012919576   0.0706035522  -0.0109325456
  -0.0109170537  -0.0146582377   0.0057848431   0.0575696826
__________________________________________________
Lan lap thu 8
   0.0725584076  -0.0017099771  -0.0133127153  -0.0115819393
  -0.0080002159   0.0435680536  -0.0183407707  -0.0126679582
  -0.0107747124  -0.0017099771   0.0700204047  -0.0115819393
  -0.0116228048  -0.0151047445   0.0051859428   0.0568897372
__________________________________________________
Lan lap thu 9
   0.0729877192  -0.0014391465  -0.0129415629  -0.0111651476
  -0.0074764082   0.0438983723  -0.0178871846  -0.0121590241
  -0.0103455715  -0.0014391465   0.0703917277  -0.0111651476
  -0.0111728703  -0.0148213245   0.0055807926   0.0573292702
__________________________________________________
Lan lap thu 10
   0.0727120675  -0.0016129338  -0.0131815990  -0.0114335726
  -0.0078129474   0.0436861675  -0.0181800238  -0.0124866304
  -0.0106212573  -0.0016129338   0.0701517258  -0.0114335726
  -0.0114635224  -0.0150046437   0.0053292408   0.0570469453
__________________________________________________
Lan lap thu 11
   0.0728895838  -0.0015009973  -0.0130274729  -0.0112609202
  -0.0075962830   0.0438227829  -0.0179918466  -0.0122758727
  -0.0104437479  -0.0015009973   0.0703058588  -0.0112609202
  -0.0112768190  -0.0148869252   0.0054917418   0.0572287138
__________________________________________________
Lan lap thu 12
   0.0727754057  -0.0015729916  -0.0131267234  -0.0113720233
  -0.0077356589   0.0437348988  -0.0181129839  -0.0124114872
  -0.0105579273  -0.0015729916   0.0702066096  -0.0113720233
  -0.0113970303  -0.0149627247   0.0053873480   0.0571117855
__________________________________________________
Lan lap thu 13
   0.0728488814  -0.0015266616  -0.0130628835  -0.0113005398
  -0.0076459729   0.0437914499  -0.0180350552  -0.0123242309
  -0.0104844519  -0.0015266616   0.0702704497  -0.0113005398
  -0.0113197042  -0.0149139667   0.0054545586   0.0571870264
__________________________________________________
Lan lap thu 14
   0.0728016079  -0.0015564699  -0.0131039649  -0.0113465349
  -0.0077036773   0.0437550643  -0.0180852000  -0.0123803743
  -0.0105317255  -0.0015564699   0.0702293684  -0.0113465349
  -0.0113694632  -0.0149453420   0.0054113235   0.0571386158
__________________________________________________
Lan lap thu 15
   0.0728320256  -0.0015372901  -0.0130775333  -0.0113169406
  -0.0076665483   0.0437784760  -0.0180529363  -0.0123442503
  -0.0105013077  -0.0015372901   0.0702558000  -0.0113169406
  -0.0113374482  -0.0149251550   0.0054391445   0.0571697647
__________________________________________________
Lan lap thu 16
   0.0728124542  -0.0015496308  -0.0130945404  -0.0113359824
  -0.0076904380   0.0437634123  -0.0180736958  -0.0123674935
  -0.0105208791  -0.0015496308   0.0702387930  -0.0113359824
  -0.0113580478  -0.0149381441   0.0054212444   0.0571497228
__________________________________________________
Lan lap thu 17
   0.0728250470  -0.0015416904  -0.0130835976  -0.0113237305
  -0.0076750667   0.0437731047  -0.0180603386  -0.0123525382
  -0.0105082864  -0.0015416904   0.0702497357  -0.0113237305
  -0.0113447936  -0.0149297866   0.0054327619   0.0571626183
__________________________________________________
Lan lap thu 18
   0.0728169445  -0.0015467994  -0.0130906385  -0.0113316137
  -0.0076849570   0.0437668684  -0.0180689330  -0.0123621608
  -0.0105163889  -0.0015467994   0.0702426948  -0.0113316137
  -0.0113533217  -0.0149351640   0.0054253513   0.0571543210
__________________________________________________
Lan lap thu 19
   0.0728221578  -0.0015435122  -0.0130861082  -0.0113265414
  -0.0076785933   0.0437708810  -0.0180634031  -0.0123559694
  -0.0105111755  -0.0015435122   0.0702472251  -0.0113265414
  -0.0113478345  -0.0149317041   0.0054301195   0.0571596597
__________________________________________________
Lan lap thu 20
   0.0728188034  -0.0015456273  -0.0130890231  -0.0113298051
  -0.0076826879   0.0437682992  -0.0180669612  -0.0123599531
  -0.0105145299  -0.0015456273   0.0702443102  -0.0113298051
  -0.0113513651  -0.0149339303   0.0054270515   0.0571562246
__________________________________________________
Lan lap thu 21
   0.0728209617  -0.0015442664  -0.0130871476  -0.0113277051
  -0.0076800533   0.0437699604  -0.0180646718  -0.0123573899
  -0.0105123716  -0.0015442664   0.0702461857  -0.0113277051
  -0.0113490934  -0.0149324979   0.0054290255   0.0571584349
__________________________________________________
Lan lap thu 22
   0.0728195730  -0.0015451420  -0.0130883544  -0.0113290563
  -0.0076817485   0.0437688915  -0.0180661449  -0.0123590391
  -0.0105137603  -0.0015451420   0.0702449790  -0.0113290563
  -0.0113505551  -0.0149334195   0.0054277554   0.0571570127
__________________________________________________
Lan lap thu 23
   0.0728204666  -0.0015445786  -0.0130875779  -0.0113281869
  -0.0076806578   0.0437695792  -0.0180651971  -0.0123579779
  -0.0105128668  -0.0015445786   0.0702457554  -0.0113281869
  -0.0113496146  -0.0149328265   0.0054285726   0.0571579278
__________________________________________________
Lan lap thu 24
   0.0728198916  -0.0015449411  -0.0130880775  -0.0113287463
  -0.0076813596   0.0437691367  -0.0180658069  -0.0123586607
  -0.0105134417  -0.0015449411   0.0702452558  -0.0113287463
  -0.0113502198  -0.0149332081   0.0054280468   0.0571573390
__________________________________________________
Lan lap thu 25
   0.0728202615  -0.0015447079  -0.0130877561  -0.0113283864
  -0.0076809080   0.0437694215  -0.0180654145  -0.0123582214
  -0.0105130718  -0.0015447079   0.0702455773  -0.0113283864
  -0.0113498304  -0.0149329626   0.0054283851   0.0571577178
__________________________________________________
Lan lap thu 26
   0.0728200235  -0.0015448579  -0.0130879629  -0.0113286180
  -0.0076811985   0.0437692383  -0.0180656670  -0.0123585041
  -0.0105133098  -0.0015448579   0.0702453704  -0.0113286180
  -0.0113500809  -0.0149331205   0.0054281674   0.0571574741
__________________________________________________
Lan lap thu 27
   0.0728201767  -0.0015447614  -0.0130878298  -0.0113284690
  -0.0076810116   0.0437693561  -0.0180655045  -0.0123583222
  -0.0105131567  -0.0015447614   0.0702455035  -0.0113284690
  -0.0113499197  -0.0149330189   0.0054283075   0.0571576309
__________________________________________________
Lan lap thu 28
   0.0728200781  -0.0015448235  -0.0130879154  -0.0113285648
  -0.0076811319   0.0437692803  -0.0180656091  -0.0123584392
  -0.0105132552  -0.0015448235   0.0702454179  -0.0113285648
  -0.0113500234  -0.0149330843   0.0054282174   0.0571575300
__________________________________________________
Lan lap thu 29
   0.0728201415  -0.0015447835  -0.0130878603  -0.0113285031
  -0.0076810545   0.0437693291  -0.0180655418  -0.0123583639
  -0.0105131918  -0.0015447835   0.0702454730  -0.0113285031
  -0.0113499567  -0.0149330422   0.0054282754   0.0571575949
__________________________________________________
Lan lap thu 30
   0.0728201007  -0.0015448092  -0.0130878958  -0.0113285428
  -0.0076811043   0.0437692977  -0.0180655851  -0.0123584124
  -0.0105132326  -0.0015448092   0.0702454375  -0.0113285428
  -0.0113499996  -0.0149330693   0.0054282381   0.0571575532
__________________________________________________
Lan lap thu 31
   0.0728201270  -0.0015447927  -0.0130878730  -0.0113285173
  -0.0076810722   0.0437693179  -0.0180655572  -0.0123583812
  -0.0105132063  -0.0015447927   0.0702454604  -0.0113285173
  -0.0113499720  -0.0149330519   0.0054282621   0.0571575800
__________________________________________________
Lan lap thu 32
   0.0728201101  -0.0015448033  -0.0130878877  -0.0113285337
  -0.0076810929   0.0437693049  -0.0180655752  -0.0123584013
  -0.0105132232  -0.0015448033   0.0702454457  -0.0113285337
  -0.0113499898  -0.0149330631   0.0054282466   0.0571575627
__________________________________________________
Lan lap thu 33
   0.0728201210  -0.0015447965  -0.0130878782  -0.0113285232
  -0.0076810796   0.0437693133  -0.0180655636  -0.0123583884
  -0.0105132124  -0.0015447965   0.0702454551  -0.0113285232
  -0.0113499784  -0.0149330559   0.0054282566   0.0571575739
__________________________________________________
Lan lap thu 34
   0.0728201140  -0.0015448009  -0.0130878843  -0.0113285300
  -0.0076810881   0.0437693079  -0.0180655710  -0.0123583967
  -0.0105132194  -0.0015448009   0.0702454490  -0.0113285300
  -0.0113499857  -0.0149330605   0.0054282502   0.0571575667
Ket qua kiem tra
  -0.0000000675     -0.0000000738     -0.0000000586     -0.0000000875   
  -0.0000000824     -0.0000000900     -0.0000000716     -0.0000001069   
  -0.0000000675     -0.0000000738     -0.0000000586     -0.0000000875   
  -0.0000000710     -0.0000000776     -0.0000000617     -0.0000000921   
===============================
